0
1 4 3 2
Cmax = 32

1
3 17 9 8 15 14 11 16 13 19 6 4 5 18 1 2 10 7 20 12
Cmax = 1286

2
19 14 6 20 3 10 17 9 18 12 7 15 1 13 16 5 4 11 2 8
Cmax = 1365

3
16 3 20 18 7 1 12 10 5 2 9 4 19 14 17 6 13 11 8 15
Cmax = 1159

4
13 16 9 17 11 19 10 6 7 15 1 12 5 20 2 3 8 14 4 18
Cmax = 1325

5
5 3 12 10 20 19 9 18 7 17 15 13 4 16 6 2 14 11 8 1
Cmax = 1305

6
11 5 20 13 8 17 6 16 1 7 12 14 2 18 10 15 9 4 19 3
Cmax = 1228

7
5 16 15 14 2 11 1 20 13 8 6 9 7 17 19 12 4 3 18 10
Cmax = 1278

8
17 12 9 2 14 10 18 4 16 19 7 8 6 5 20 15 13 1 3 11
Cmax = 1223

9
4 2 20 18 17 15 1 10 7 9 16 13 8 3 5 12 6 14 11 19
Cmax = 1291

10
7 19 11 12 16 6 1 13 10 15 2 8 3 4 18 14 17 5 20 9
Cmax = 1151

11
18 5 2 17 3 6 12 9 15 10 20 13 8 14 19 11 4 7 1 16
Cmax = 1680

12
17 12 5 13 15 7 20 9 11 19 10 1 6 2 3 4 18 16 8 14
Cmax = 1729

13
4 9 16 7 2 5 12 13 11 15 1 20 6 14 17 10 3 18 19 8
Cmax = 1557

14
3 9 20 18 13 4 16 15 1 10 11 2 7 8 6 19 12 14 17 5
Cmax = 1439

15
16 8 4 20 18 14 15 13 9 6 1 7 3 17 2 5 19 12 11 10
Cmax = 1502

16
20 8 19 18 16 11 14 3 6 15 13 4 5 7 12 17 10 9 2 1
Cmax = 1453

17
19 6 7 10 3 17 1 4 8 20 18 9 2 5 16 14 15 13 11 12
Cmax = 1562

18
8 7 18 20 14 4 17 2 5 9 19 3 6 11 1 13 15 10 16 12
Cmax = 1609

19
14 12 8 17 4 11 2 20 1 19 16 3 13 18 7 15 10 5 6 9
Cmax = 1647

20
5 13 17 9 19 4 7 8 16 6 20 2 10 3 18 1 15 14 11 12
Cmax = 1653

21
16 15 10 8 9 12 13 11 5 1 20 14 17 2 18 6 7 19 3 4
Cmax = 2410

22
18 3 11 4 5 13 1 12 16 19 15 6 14 10 20 17 7 9 8 2
Cmax = 2150

23
5 19 4 20 11 13 1 9 16 8 15 17 18 3 12 2 10 14 6 7
Cmax = 2411

24
14 3 18 5 2 8 12 4 6 11 20 15 13 1 7 19 16 10 17 9
Cmax = 2262

25
10 9 19 11 15 13 5 2 3 18 17 4 20 12 14 1 16 6 8 7
Cmax = 2397

26
18 6 8 20 16 9 17 4 13 15 10 2 14 5 1 3 7 12 11 19
Cmax = 2349

27
10 12 16 14 5 19 18 6 7 17 4 2 11 15 20 8 9 3 1 13
Cmax = 2362

28
4 2 16 10 20 5 1 14 6 7 3 11 17 19 13 12 8 18 15 9
Cmax = 2249

29
1 17 11 8 2 13 14 18 7 3 16 9 10 6 15 4 12 19 20 5
Cmax = 2320

30
6 3 17 8 19 15 12 9 10 16 1 2 13 5 7 18 4 11 20 14
Cmax = 2277

31
10 36 24 50 39 38 40 46 17 31 41 12 18 6 26 32 49 13 8 5 44 22 43 4 2 34 42 21 25 27 45 16 28 29 9 14 15 47 1 11 33 7 30 20 48 23 35 19 37 3
Cmax = 2733

32
50 49 15 10 37 5 45 33 8 14 7 43 28 38 44 2 46 39 22 16 32 18 40 36 9 30 29 17 19 42 6 13 41 27 35 34 21 24 3 12 25 48 23 11 20 26 47 1 31 4
Cmax = 2843

33
27 8 22 2 16 23 24 18 30 35 25 41 7 3 33 46 31 32 37 6 48 34 15 13 1 11 20 10 36 49 5 21 4 45 40 26 9 17 29 28 43 47 19 38 50 42 44 14 12 39
Cmax = 2643

34
42 26 30 2 28 22 12 23 50 9 4 3 27 14 36 41 34 35 18 25 46 15 32 7 24 47 19 39 16 11 10 20 5 45 38 8 40 1 33 29 48 6 37 17 31 49 43 13 21 44
Cmax = 2783

35
46 48 7 3 19 9 29 10 44 50 30 36 32 21 34 28 20 39 13 1 5 24 40 4 18 31 41 8 37 16 12 35 14 2 43 23 22 47 11 15 26 6 38 17 25 49 45 33 27 42
Cmax = 2868

36
1 28 21 41 4 33 22 5 35 25 29 50 48 24 36 46 43 20 39 10 16 19 8 30 34 11 3 9 23 15 6 49 38 18 7 17 13 45 44 37 2 32 26 14 42 47 40 27 12 31
Cmax = 2850

37
22 25 40 5 27 15 13 37 42 34 43 20 49 18 12 19 36 14 8 21 39 7 23 32 46 6 10 31 35 33 30 9 11 3 44 48 29 17 26 2 28 24 50 45 4 47 38 1 41 16
Cmax = 2752

38
34 7 47 30 10 36 43 50 27 15 8 26 5 1 14 33 9 21 31 18 25 20 37 28 24 6 46 16 44 19 39 11 48 29 45 49 3 12 41 32 23 42 35 22 13 17 2 4 38 40
Cmax = 2694

39
12 13 1 3 24 29 50 28 9 44 15 39 49 47 33 40 37 5 2 20 30 34 48 18 25 19 21 32 11 26 38 46 31 23 22 36 7 6 41 27 35 45 14 10 16 43 42 4 17 8
Cmax = 2576

40
6 34 1 39 19 31 33 30 36 48 44 27 8 35 43 2 22 18 29 15 21 20 32 11 50 28 3 49 24 10 5 37 7 40 4 46 17 41 16 47 42 13 14 38 9 26 23 45 12 25
Cmax = 2787

41
44 25 30 42 20 49 32 34 33 31 36 37 43 8 38 29 4 6 14 2 7 47 15 28 11 23 35 46 9 22 17 18 40 3 48 5 13 12 10 21 45 26 24 16 50 41 19 27 1 39
Cmax = 3135

42
35 49 24 47 33 28 12 46 10 31 42 23 11 18 25 20 39 34 38 14 5 43 7 3 29 16 50 44 19 6 4 36 21 8 32 37 15 9 40 41 2 13 26 27 45 48 1 17 30 22
Cmax = 3032

43
24 4 28 49 25 12 10 20 37 35 19 46 2 1 30 47 31 38 18 5 17 41 32 29 7 42 22 23 33 3 11 9 48 34 16 45 40 27 43 13 50 44 26 6 15 36 14 21 39 8
Cmax = 3016

44
20 5 22 37 18 2 44 10 13 39 46 6 41 34 48 36 9 19 16 8 31 14 1 47 40 25 30 28 23 38 4 12 21 29 15 33 7 11 35 26 24 3 32 43 17 49 50 45 27 42
Cmax = 3198

45
6 33 42 48 10 46 14 1 49 8 9 44 35 15 38 17 5 40 16 18 47 22 27 2 24 21 50 26 7 25 30 3 28 11 4 37 29 41 39 13 31 19 34 12 45 43 20 36 23 32
Cmax = 3128

46
3 45 5 24 44 28 15 38 42 11 40 41 9 10 25 14 33 2 19 13 23 26 6 39 46 1 49 12 29 43 4 30 36 47 34 50 27 21 48 31 17 22 32 8 37 18 20 35 16 7
Cmax = 3178

47
26 6 27 33 32 17 2 49 23 20 13 21 46 9 37 12 34 16 22 44 1 24 19 28 5 41 45 3 14 10 50 7 25 43 47 31 48 29 42 39 8 30 11 15 35 36 38 4 40 18
Cmax = 3277

48
6 17 11 14 8 1 18 34 20 26 13 35 9 22 16 24 29 50 33 47 2 32 48 3 44 37 45 15 10 23 42 19 12 49 30 31 46 4 7 43 25 27 36 28 5 38 41 21 39 40
Cmax = 3123

49
33 44 47 27 23 30 13 37 39 16 21 18 6 28 35 9 46 32 22 26 48 4 12 42 10 31 8 3 2 11 17 7 41 40 1 14 20 24 34 50 36 45 19 25 5 15 38 49 43 29
Cmax = 3015

50
11 21 15 49 9 39 17 8 27 38 7 10 6 1 36 42 13 24 44 4 32 16 41 20 26 43 3 48 22 28 25 47 30 37 35 29 46 34 33 5 2 31 19 18 12 23 50 40 14 45
Cmax = 3257

51
35 43 27 37 17 31 20 40 28 45 14 11 5 24 49 15 10 33 8 26 6 42 41 46 47 32 29 1 16 34 48 2 38 7 21 36 39 22 12 23 18 44 13 19 4 30 25 3 9 50
Cmax = 4013

52
33 20 32 43 38 49 37 45 50 14 36 30 39 1 19 17 11 41 42 31 26 15 6 44 35 23 46 29 5 25 40 47 18 10 22 12 13 34 7 48 2 28 4 16 8 21 3 24 27 9
Cmax = 3921

53
24 16 27 12 4 23 45 11 31 22 5 39 26 3 21 17 19 46 2 32 28 9 49 14 38 15 47 43 48 44 25 30 34 1 8 6 20 29 37 35 7 18 40 41 13 42 10 36 33 50
Cmax = 3923

54
20 4 8 21 24 45 3 36 44 49 14 34 17 16 22 38 23 12 31 13 7 40 11 33 29 30 32 46 47 35 15 9 43 5 6 2 10 50 39 41 37 48 1 27 42 19 25 18 26 28
Cmax = 3987

55
40 48 2 4 19 25 31 23 33 49 32 15 5 28 34 18 26 36 42 45 10 22 6 38 8 39 16 44 35 27 46 13 21 50 7 20 3 14 41 37 12 24 29 47 17 43 9 1 30 11
Cmax = 3835

56
14 21 13 50 33 5 45 16 37 42 20 47 49 40 32 31 12 46 11 28 36 15 39 8 17 18 23 29 1 25 30 7 9 41 19 43 24 4 10 6 27 2 22 3 35 34 48 44 26 38
Cmax = 3914

57
20 4 15 2 46 23 43 29 12 38 14 28 11 5 34 49 27 22 24 41 45 10 36 13 31 26 50 47 40 37 17 48 18 35 9 8 39 19 33 32 30 21 3 42 1 7 6 25 44 16
Cmax = 3952

58
39 32 20 6 38 26 3 30 8 33 31 1 12 13 21 25 41 16 18 49 27 28 4 47 11 5 35 48 9 24 42 7 43 29 37 17 34 15 45 2 36 19 23 22 14 40 10 46 50 44
Cmax = 3974

59
35 14 37 9 28 32 29 26 8 1 6 38 7 12 46 18 24 41 10 17 3 50 34 45 49 13 42 31 11 48 5 21 36 16 47 27 22 23 33 30 43 39 4 40 19 2 44 25 15 20
Cmax = 3952

60
36 33 8 37 50 18 43 4 1 3 15 32 2 39 28 46 23 21 14 16 49 47 12 9 7 31 11 19 27 44 24 42 10 25 5 17 29 41 13 45 40 20 35 22 38 6 26 30 48 34
Cmax = 4016

61
10 19 93 60 84 77 71 50 68 46 24 40 80 72 29 7 83 58 65 35 33 34 12 5 56 87 64 26 96 85 39 90 32 14 53 95 74 98 28 13 4 99 8 3 62 47 54 15 69 97 76 38 88 21 6 36 49 31 45 78 18 42 89 51 17 94 27 82 11 48 25 92 86 67 16 79 44 2 22 9 91 70 73 41 81 57 37 43 100 75 52 63 59 23 61 20 30 66 1 55
Cmax = 5519

62
46 16 88 33 45 77 86 83 80 5 25 15 29 39 92 43 58 20 10 8 31 76 100 68 37 93 40 26 66 53 61 90 79 7 34 67 6 19 14 24 65 51 59 9 3 42 54 1 28 12 94 78 56 85 97 48 17 23 69 95 27 22 11 81 91 32 36 71 41 96 55 57 50 35 18 87 38 84 63 21 74 64 4 47 89 30 2 49 44 62 82 13 72 70 73 75 98 52 60 99
Cmax = 5284

63
94 68 60 28 82 41 89 17 1 42 38 97 51 11 12 30 10 25 23 2 90 55 13 57 61 58 31 14 65 32 96 44 16 70 86 39 26 40 100 45 43 62 19 75 95 22 34 67 88 59 91 92 53 79 54 81 99 21 24 56 5 80 46 9 74 18 47 6 69 49 77 93 35 83 73 37 27 78 33 15 29 84 98 20 4 52 3 66 76 63 72 8 85 87 7 64 50 71 48 36
Cmax = 5248

64
21 96 51 67 20 16 59 80 37 57 85 23 52 49 79 95 45 18 82 9 83 81 92 88 22 70 89 31 54 71 73 7 98 33 10 40 26 2 69 97 60 11 4 44 94 6 1 43 39 32 50 15 55 66 90 75 12 19 74 68 100 47 41 48 36 17 8 87 5 53 29 34 24 30 62 35 25 64 84 86 46 72 99 13 3 27 76 91 58 63 61 42 77 28 65 78 14 93 56 38
Cmax = 5023

65
12 2 98 24 74 77 41 51 21 68 50 11 87 57 10 58 94 79 82 86 5 64 72 88 39 17 8 4 47 97 44 91 67 78 84 70 56 20 92 33 7 69 30 99 48 54 85 19 55 46 3 26 93 27 60 96 71 81 38 25 59 65 40 62 15 34 9 45 42 43 89 23 13 14 80 6 32 31 73 35 29 95 100 49 28 52 36 16 90 61 66 53 76 18 75 37 63 22 83 1
Cmax = 5266

66
54 49 70 1 4 47 21 29 8 83 20 69 73 39 90 92 72 6 86 80 61 53 91 56 37 3 27 95 85 88 97 57 42 50 2 98 31 7 34 99 76 44 67 5 68 100 78 71 9 96 82 14 17 23 16 33 77 22 28 59 64 55 25 46 48 93 19 10 52 45 11 26 18 65 13 35 81 62 63 43 30 87 36 40 75 60 74 12 24 41 15 84 66 89 58 79 38 51 94 32
Cmax = 5139

67
45 35 13 50 75 71 22 5 62 89 80 40 100 6 98 19 77 15 2 7 96 91 16 12 66 85 14 41 11 24 8 21 3 29 92 68 81 53 69 46 76 27 10 42 9 78 17 61 57 86 36 44 54 63 73 43 95 93 87 26 4 30 83 37 52 84 65 33 74 39 25 56 51 23 34 88 60 48 31 59 90 94 58 82 97 47 67 72 99 18 49 70 1 38 32 20 64 28 55 79
Cmax = 5281

68
56 29 90 21 83 98 87 86 74 91 26 64 52 25 42 80 17 27 85 76 35 73 67 8 6 9 82 22 46 30 2 70 45 36 12 41 75 14 47 49 1 65 59 79 96 32 7 34 54 69 43 57 19 100 31 13 18 44 68 62 93 16 99 72 24 61 39 48 5 89 77 71 51 88 20 55 33 11 92 37 60 23 58 78 94 81 4 3 10 38 63 97 28 50 84 95 15 66 53 40
Cmax = 5129

69
70 9 4 24 47 48 60 84 72 57 6 43 19 63 75 53 49 95 28 51 58 44 73 21 2 59 34 40 16 93 81 100 83 54 80 55 1 11 5 98 65 35 85 96 32 23 45 79 33 86 12 67 68 50 29 20 36 38 87 66 71 37 74 52 94 92 99 61 42 56 41 78 31 88 77 30 14 22 3 25 7 76 89 46 62 64 91 13 26 39 82 27 15 8 18 69 10 97 90 17
Cmax = 5489

70
55 50 75 65 92 29 83 31 58 9 69 90 32 23 11 98 42 87 54 4 24 100 44 15 81 94 56 49 57 22 80 73 72 33 60 93 67 79 19 1 43 99 84 68 64 63 95 76 48 66 71 91 97 61 51 82 88 40 17 30 13 39 20 14 34 53 59 16 28 86 41 5 96 6 45 78 77 3 25 89 36 52 12 18 21 8 85 38 26 37 7 10 62 74 70 35 47 46 2 27
Cmax = 5354

71
70 58 37 45 21 15 77 44 35 36 87 60 95 67 51 20 64 29 88 93 62 2 43 7 34 81 42 57 83 24 98 33 48 89 79 27 31 74 8 14 80 96 41 85 65 73 92 39 16 49 46 4 6 32 91 1 76 71 22 97 66 23 53 55 25 17 10 19 50 68 100 90 9 86 75 11 84 82 56 18 52 61 47 38 94 54 3 59 69 63 13 72 5 28 99 78 40 30 26 12
Cmax = 5835

72
95 24 69 80 87 54 8 12 49 66 21 98 65 27 3 61 43 77 17 59 75 60 22 46 74 76 28 91 57 51 88 58 72 97 42 67 38 41 32 90 10 89 19 96 13 29 82 20 50 6 52 53 35 94 68 37 93 73 78 5 18 26 79 85 9 62 47 25 48 45 100 71 34 30 83 40 14 64 15 16 31 39 36 70 55 1 92 11 81 33 44 56 23 84 63 2 4 86 7 99
Cmax = 5500

73
45 58 25 96 22 21 12 64 38 40 4 92 41 72 81 56 27 34 20 99 87 15 94 49 29 65 23 66 61 76 97 51 42 78 6 28 9 13 95 73 54 16 91 24 5 93 59 30 32 37 10 3 100 52 14 2 84 35 7 62 80 79 50 86 85 98 75 19 31 26 33 68 8 47 17 71 1 67 70 43 60 82 36 53 48 77 89 74 88 11 63 83 44 90 39 69 18 46 57 55
Cmax = 5802

74
56 32 24 2 7 98 28 40 47 81 53 62 65 89 71 93 13 76 21 61 66 30 46 14 42 5 15 74 49 88 99 94 31 59 90 60 23 92 77 16 82 78 25 54 83 34 8 100 67 45 55 75 39 9 48 84 36 12 22 43 70 91 1 86 57 4 19 38 18 87 96 27 35 44 51 79 73 37 17 69 20 11 72 10 33 50 3 52 58 80 6 97 63 26 41 29 95 68 64 85
Cmax = 5966

75
75 79 90 66 83 36 1 44 31 46 91 20 63 48 87 57 56 100 95 70 33 2 97 10 24 7 30 94 55 5 42 72 23 45 85 71 27 11 78 39 41 29 80 49 88 21 53 62 12 37 38 76 58 65 43 74 4 59 28 14 9 98 73 34 93 13 68 17 99 84 19 61 26 77 16 47 18 60 89 6 35 69 15 96 22 51 54 25 8 40 32 64 52 86 92 81 67 82 3 50
Cmax = 5637

76
78 53 47 40 86 9 19 57 46 41 20 68 38 8 7 6 54 64 76 18 90 67 43 22 5 14 25 49 97 85 15 84 74 72 82 98 48 29 50 66 2 81 23 10 31 30 73 35 21 62 28 77 88 34 24 69 71 93 1 39 89 33 17 27 51 42 52 99 55 87 3 61 80 100 60 13 63 94 91 37 11 58 83 56 95 96 70 16 36 75 12 4 92 26 79 32 44 45 59 65
Cmax = 5391

77
56 62 99 35 1 59 5 64 65 47 39 83 13 97 37 3 7 87 28 4 11 92 74 33 71 24 9 12 70 40 42 53 23 50 95 45 77 31 80 21 18 43 67 81 14 44 94 15 66 69 26 27 17 86 100 20 82 32 19 78 30 93 55 48 68 90 61 36 51 75 98 63 57 34 89 46 96 10 60 72 91 2 58 8 41 16 73 49 29 6 85 52 25 84 22 38 54 79 88 76
Cmax = 5735

78
48 63 73 14 10 41 31 94 67 90 96 56 76 47 39 3 72 33 78 97 70 99 15 98 92 23 36 38 7 80 100 50 59 55 54 71 68 32 9 30 22 26 57 35 16 24 12 5 13 62 19 21 18 93 75 20 91 28 27 60 46 85 1 69 43 45 87 84 81 65 6 89 4 37 77 88 52 83 40 95 82 42 34 58 8 51 49 29 64 25 74 86 44 2 61 17 79 66 53 11
Cmax = 5723

79
54 40 98 18 53 60 38 23 67 75 36 5 34 92 43 2 12 21 87 6 83 42 80 1 94 57 44 10 37 15 68 86 79 84 49 24 29 41 64 76 28 97 77 19 26 51 52 71 50 96 33 32 16 74 30 4 7 81 82 39 61 35 22 66 31 69 100 73 13 48 78 89 8 14 55 45 93 72 47 88 56 63 90 58 70 3 27 25 20 11 59 46 65 85 62 99 9 17 95 91
Cmax = 6051

80
63 66 57 97 71 46 14 100 9 81 75 48 89 8 87 78 52 17 32 94 2 19 42 40 54 10 69 79 64 20 73 15 16 47 99 92 88 76 82 55 28 74 80 30 36 4 21 83 7 31 25 34 44 84 96 18 13 68 95 72 70 50 37 86 53 58 1 11 35 45 5 67 85 23 51 39 60 49 61 93 27 98 33 12 90 43 77 56 65 41 24 6 59 38 3 22 29 26 91 62
Cmax = 5915

81
22 54 59 79 24 78 83 3 33 82 100 4 16 21 30 91 94 99 77 10 1 11 53 32 28 46 40 34 20 93 2 63 96 72 50 76 5 66 39 75 41 67 8 95 36 70 56 47 80 65 15 35 57 9 74 81 49 62 45 6 84 25 23 60 51 17 31 88 48 12 98 64 29 86 26 87 97 52 42 14 38 92 43 55 19 18 85 44 37 61 90 71 27 89 13 68 69 73 58 7
Cmax = 6613

82
50 49 5 69 75 29 66 14 68 91 59 31 1 98 58 6 41 73 64 79 92 10 3 26 95 35 99 44 77 84 76 15 65 43 96 81 71 30 70 19 87 54 42 93 100 89 78 80 74 22 47 51 2 97 63 13 9 52 57 33 72 45 23 20 40 36 32 53 88 7 21 86 8 16 67 48 94 85 83 60 62 28 37 11 25 82 27 24 38 34 56 90 17 12 61 4 46 18 39 55
Cmax = 6565

83
87 10 11 97 5 28 40 30 94 23 67 80 42 8 4 20 24 64 71 63 29 76 60 51 17 55 70 82 44 61 27 50 31 81 32 3 86 41 25 78 93 9 43 46 92 69 66 15 48 75 77 58 57 2 98 88 53 1 90 47 54 38 18 22 35 12 62 33 34 6 13 89 39 37 16 56 84 85 19 72 83 21 26 49 52 36 99 73 74 79 7 68 96 95 65 45 59 14 91 100
Cmax = 6595

84
69 1 68 5 45 25 8 57 53 3 67 29 49 51 83 16 60 52 44 17 66 34 58 79 23 98 89 88 59 84 48 70 46 50 9 85 74 2 26 78 100 54 13 86 55 11 56 99 63 31 87 38 32 30 7 95 28 39 24 91 20 41 43 76 61 36 4 47 71 12 62 15 65 81 42 6 96 22 33 90 92 72 40 10 94 82 77 19 18 14 35 21 27 64 37 80 93 73 75 97
Cmax = 6649

85
98 64 14 10 65 39 70 75 91 74 5 42 2 17 62 38 69 45 61 30 52 15 36 68 20 9 50 28 90 23 80 26 46 55 66 40 67 82 88 49 12 72 18 33 57 71 86 32 60 16 76 95 81 92 56 53 37 85 58 29 21 4 97 100 13 78 3 22 94 47 41 1 99 59 6 11 87 48 7 8 79 24 31 89 27 73 19 35 43 93 34 84 96 44 83 54 77 63 25 51
Cmax = 6653

86
86 72 88 56 89 12 15 83 8 19 7 39 32 30 21 33 80 71 55 2 29 60 51 73 59 76 38 78 28 79 94 48 98 99 68 42 22 1 92 97 10 90 37 45 81 26 100 67 52 9 43 20 4 57 69 44 65 82 66 46 74 11 75 64 6 14 58 85 25 50 31 77 53 17 91 34 87 24 3 23 16 63 62 70 13 47 84 5 96 36 40 93 54 49 41 95 27 18 35 61
Cmax = 6713

87
57 49 95 50 93 85 19 27 80 52 48 60 20 53 91 94 13 77 64 88 32 69 72 5 21 7 51 98 39 89 47 100 86 65 78 82 12 97 41 28 92 87 17 73 45 38 6 68 84 35 40 58 56 23 18 30 8 81 15 44 61 16 99 29 90 67 3 34 71 11 37 42 24 62 66 55 36 26 1 59 96 31 9 22 79 14 54 43 4 83 10 46 33 25 2 74 63 70 76 75
Cmax = 6595

88
39 31 87 92 71 72 59 78 6 9 62 74 67 18 33 63 96 50 99 56 69 14 81 12 44 28 88 19 66 30 53 46 37 98 45 23 70 93 17 29 36 7 4 54 22 77 90 52 3 5 100 65 41 83 97 73 25 2 35 57 24 51 68 76 27 40 60 49 86 10 64 11 38 75 91 89 84 61 32 80 82 58 85 55 43 16 79 8 42 1 26 95 13 48 34 21 15 94 20 47
Cmax = 6785

89
42 50 43 7 80 65 17 95 16 41 24 96 33 10 63 78 64 99 56 62 15 90 86 74 97 3 2 82 47 61 14 68 9 59 31 45 46 28 58 35 76 6 26 67 8 19 12 81 21 60 34 1 22 69 54 73 39 38 94 36 89 25 32 18 20 57 79 23 11 5 85 29 30 27 53 93 51 40 87 92 83 77 55 75 84 71 37 66 44 100 49 70 91 13 4 52 88 48 72 98
Cmax = 6668

90
77 64 43 56 90 11 20 15 48 21 88 67 72 54 51 83 27 62 18 35 6 80 46 23 2 70 65 60 16 87 34 17 71 44 74 12 33 85 57 13 25 92 98 52 37 42 81 76 47 86 40 7 5 39 89 32 78 84 10 75 97 1 24 9 45 30 38 95 68 26 22 4 8 69 31 96 50 61 28 14 41 99 82 3 36 94 63 49 79 66 100 73 53 91 29 58 19 55 59 93
Cmax = 6728

91
73 188 23 94 1 49 71 30 190 6 34 176 87 76 57 110 195 127 109 45 129 155 125 167 178 156 36 142 149 85 159 170 77 60 15 43 37 169 81 98 161 183 172 163 3 150 198 91 16 100 41 162 28 158 104 137 135 164 123 66 151 83 200 14 75 82 194 132 97 42 154 25 53 80 17 24 18 117 107 79 35 189 134 179 193 46 38 192 174 115 196 13 51 20 40 108 171 44 74 131 181 121 105 116 114 153 182 187 185 166 58 11 144 128 48 119 177 32 62 5 10 122 56 112 102 70 7 138 86 12 26 143 145 72 54 88 19 101 118 140 63 175 139 126 120 146 89 31 96 9 186 184 59 2 106 4 197 52 8 95 27 47 84 69 191 22 92 160 50 64 141 165 111 21 55 173 199 152 68 130 33 90 168 67 157 103 147 93 124 113 180 29 136 78 39 65 61 99 133 148
Cmax = 10942

92
20 88 104 133 22 27 31 45 170 148 155 55 65 68 183 25 158 107 140 141 77 181 145 200 33 114 166 112 156 144 21 1 137 74 11 15 143 24 93 48 117 37 164 91 125 122 97 40 14 194 64 50 54 128 149 178 30 184 142 96 34 121 5 2 58 103 99 108 113 82 84 18 26 76 132 152 118 57 146 147 167 134 163 119 32 38 174 192 179 52 60 78 105 171 124 61 86 46 28 165 176 135 29 188 81 195 75 116 23 63 56 87 101 92 127 110 138 130 106 160 49 59 185 191 173 98 197 102 85 83 16 72 139 39 157 6 95 151 199 120 168 17 70 198 162 150 89 115 36 66 159 153 80 131 193 7 43 44 73 182 71 3 154 169 35 172 123 19 90 41 12 129 51 67 4 53 79 13 161 136 175 62 190 189 186 9 180 111 69 126 100 196 177 42 109 94 10 187 47 8
Cmax = 10651

93
97 52 95 83 166 2 92 39 157 4 32 134 133 49 69 180 8 50 147 62 51 129 57 43 100 184 125 20 183 1 98 128 150 140 159 153 191 82 189 141 15 3 115 104 96 85 33 29 60 61 66 174 103 21 72 108 42 68 14 121 28 146 151 93 192 148 123 73 186 89 36 177 131 87 198 27 38 164 182 59 23 118 181 142 136 161 54 111 158 90 163 37 13 190 188 155 34 130 53 112 86 63 70 48 200 46 196 149 77 162 109 99 80 120 31 144 195 10 74 114 179 124 47 76 16 22 122 7 11 185 167 132 165 138 168 113 197 55 67 75 17 64 107 137 58 143 65 145 127 6 56 193 105 169 171 30 45 79 94 194 178 156 24 117 199 106 81 170 152 187 35 119 12 154 40 71 5 41 172 110 19 26 139 116 9 160 175 101 88 102 176 44 78 126 18 91 135 25 84 173
Cmax = 11061

94
7 160 50 196 147 17 173 11 90 136 76 153 192 189 111 56 10 120 25 91 71 187 103 161 32 134 137 144 61 115 145 158 92 188 130 131 24 69 133 59 165 107 106 64 62 99 43 126 96 132 87 74 190 125 119 168 151 170 159 185 58 15 163 102 176 82 30 146 47 128 195 178 29 118 86 155 3 199 142 197 194 26 19 5 55 116 174 27 20 2 179 14 36 37 41 79 181 35 180 78 45 138 68 66 16 117 54 85 83 139 122 186 81 57 65 110 73 72 23 93 143 42 34 1 98 164 80 51 123 70 167 169 49 149 48 77 127 28 38 129 141 46 156 154 114 152 109 148 63 89 172 84 200 113 175 52 177 95 100 108 94 40 162 31 101 60 191 104 157 135 9 22 166 53 171 182 140 88 121 6 150 12 97 183 67 33 44 124 75 39 184 112 193 21 8 4 198 105 18 13
Cmax = 11057

95
198 99 181 58 51 131 172 192 184 193 188 11 46 57 86 72 191 154 106 117 79 132 3 98 146 111 61 127 92 91 55 40 157 200 63 33 180 185 67 189 103 178 114 76 165 136 163 168 74 26 48 153 8 109 29 38 155 108 54 171 7 25 139 160 175 107 182 148 37 71 130 21 183 150 60 120 102 164 20 110 128 152 17 59 83 85 119 1 194 36 15 44 187 80 170 10 18 169 126 121 95 88 56 173 113 115 49 142 129 41 151 137 19 125 9 144 199 89 112 196 104 123 39 177 27 197 179 23 66 141 145 190 87 100 156 133 16 5 161 75 116 105 34 43 186 78 62 162 68 47 53 45 166 176 158 167 12 64 24 124 28 134 50 118 138 13 122 77 81 31 140 82 93 32 4 6 195 143 97 52 70 147 101 42 135 73 96 14 2 69 159 94 35 65 84 22 174 90 149 30
Cmax = 10615

96
52 100 36 183 47 95 9 68 178 143 69 132 126 23 78 131 55 102 26 158 85 72 63 174 67 60 190 164 172 112 114 138 29 176 115 187 173 10 109 34 21 87 62 79 99 107 141 197 93 41 145 168 98 25 76 49 137 110 159 192 146 127 179 181 128 14 182 106 165 162 12 70 147 42 2 6 3 157 186 185 156 46 129 120 92 180 200 166 8 151 136 20 74 198 59 149 104 82 130 122 39 16 139 160 184 75 191 22 148 199 50 38 170 193 84 175 150 27 161 169 5 31 83 105 113 56 66 65 32 140 24 1 189 15 101 17 80 119 125 154 171 188 45 35 116 97 117 81 53 30 144 163 96 86 196 7 123 194 121 58 90 177 118 142 43 33 19 61 4 71 54 111 124 11 153 44 48 155 167 94 64 133 195 77 13 57 91 73 88 18 134 51 40 152 103 108 135 89 28 37
Cmax = 10491

97
15 147 117 73 198 63 25 18 151 187 123 111 60 112 62 155 61 165 179 23 11 126 56 85 116 20 108 170 167 158 143 139 178 159 35 52 13 177 36 100 51 173 182 40 34 46 140 27 75 105 76 114 50 6 10 93 104 160 144 45 53 162 142 161 200 195 42 163 148 91 49 122 101 80 115 133 196 181 194 191 26 131 197 94 31 3 132 39 37 102 185 156 153 176 29 136 2 7 4 72 24 110 89 129 30 79 169 83 120 70 106 12 32 16 152 97 190 99 33 130 150 54 67 22 8 95 184 192 77 88 113 38 78 119 154 65 199 74 193 103 48 141 188 66 189 174 17 86 183 81 166 19 125 128 186 82 96 127 149 118 175 28 69 146 172 137 134 84 90 138 68 21 55 109 64 121 124 171 157 47 87 59 164 180 41 43 1 71 98 14 57 135 5 44 145 107 92 9 58 168
Cmax = 11001

98
58 76 43 38 154 19 185 180 82 114 65 181 168 87 131 151 90 10 165 46 170 118 28 18 66 25 184 141 50 8 189 49 16 60 62 70 48 143 47 166 2 106 29 191 103 192 45 129 137 55 116 72 150 24 102 7 119 199 33 96 100 21 26 51 61 145 177 36 147 81 163 200 69 173 57 174 112 128 110 88 71 54 179 121 64 135 27 117 107 40 178 120 89 6 91 160 186 11 195 194 133 126 149 175 155 134 59 77 187 158 193 123 85 138 5 14 139 22 92 104 130 15 78 164 172 159 124 113 35 41 4 157 32 115 42 3 39 93 31 73 142 86 53 9 95 140 152 99 136 17 127 161 56 52 63 146 13 171 190 37 98 20 144 44 80 196 94 198 132 109 12 188 162 122 68 79 97 169 183 30 148 111 125 176 197 67 83 167 34 101 74 156 75 182 108 84 105 23 153 1
Cmax = 10823

99
124 97 126 11 62 98 199 156 65 141 158 71 3 178 151 144 125 184 91 118 26 55 110 19 146 34 12 168 21 169 133 171 67 37 41 157 116 200 161 57 122 17 59 73 24 142 84 105 136 138 88 86 176 186 69 111 121 5 83 194 80 196 140 181 135 77 113 185 159 148 137 128 164 192 68 20 104 32 100 49 61 72 31 22 149 25 127 119 189 35 46 94 10 29 45 167 9 54 48 23 36 187 130 123 163 112 30 33 50 101 92 90 153 64 115 6 131 109 147 173 179 16 108 99 2 66 177 107 182 95 82 193 4 47 60 39 13 102 52 175 160 63 93 87 81 134 197 14 58 51 38 56 132 190 180 117 106 75 43 7 120 70 129 152 166 139 183 89 1 188 114 150 143 27 8 96 172 85 103 74 53 79 198 76 15 195 145 162 28 154 78 44 191 170 155 18 174 165 40 42
Cmax = 10617

100
149 148 87 168 83 127 138 111 46 14 74 12 177 60 69 85 179 105 147 89 132 31 135 101 43 108 1 10 28 166 24 119 131 194 142 65 123 5 66 106 19 39 143 32 38 3 157 188 193 109 145 165 182 116 161 75 164 152 197 40 130 196 68 9 7 158 121 199 88 136 77 98 57 58 154 153 195 8 151 53 47 11 187 23 81 29 62 185 107 96 172 139 97 141 95 128 174 167 190 155 79 184 181 51 63 104 175 169 186 117 170 134 110 26 4 103 180 18 80 21 171 178 162 50 163 112 20 33 122 94 37 76 90 200 82 70 156 91 189 115 45 146 15 6 42 61 137 16 72 34 113 17 55 118 160 100 93 22 198 120 25 44 191 159 49 192 102 129 78 84 30 36 99 144 183 114 56 13 59 64 133 48 173 150 86 2 92 27 67 35 41 73 124 54 140 125 176 52 71 126
Cmax = 10791

101
83 150 151 95 182 198 33 76 138 131 88 78 9 77 91 180 97 115 145 170 109 14 163 146 89 144 190 10 194 167 79 63 57 46 124 90 111 56 93 140 122 133 75 87 72 162 112 165 5 44 41 166 92 49 22 29 155 126 66 154 62 94 74 128 80 96 86 123 25 120 38 176 61 197 178 130 67 200 12 113 153 188 147 8 42 85 187 185 99 59 31 30 105 152 136 101 102 125 141 43 158 160 164 135 173 13 108 48 148 106 7 110 39 40 54 35 143 81 16 157 129 195 11 139 107 2 4 32 17 34 70 103 156 132 172 177 127 65 20 51 52 36 192 100 82 64 6 161 26 142 24 179 169 15 168 184 28 18 171 3 199 60 186 98 104 47 37 174 116 181 117 69 159 23 149 118 189 58 19 73 1 50 119 84 53 175 55 193 71 68 134 137 121 45 183 191 196 114 27 21
Cmax = 11588

102
56 184 156 168 162 176 90 92 78 96 169 171 173 117 58 80 25 18 142 98 123 15 99 197 163 31 30 52 54 159 129 41 60 185 43 95 174 64 177 86 12 150 111 68 33 144 45 109 32 79 181 5 34 131 108 158 183 23 91 186 196 36 70 77 166 178 57 20 116 2 188 132 51 128 113 8 170 65 137 148 46 24 38 190 138 13 16 61 122 71 94 97 55 149 59 9 125 151 195 136 187 48 126 69 11 101 115 107 63 76 6 179 103 47 119 28 93 146 112 192 118 172 22 21 102 1 110 83 66 135 106 50 105 82 19 141 29 145 124 4 161 17 198 182 10 165 160 72 175 89 35 104 200 155 193 100 81 134 153 199 67 147 14 87 40 73 49 154 152 167 88 120 37 194 7 75 42 139 189 121 130 164 39 27 85 84 26 143 74 191 157 53 114 62 133 44 127 3 180 140
Cmax = 11740

103
161 49 126 137 44 188 113 20 146 179 198 147 85 70 15 90 160 19 61 119 127 81 57 121 94 30 168 110 187 134 64 12 13 163 195 36 196 91 180 26 28 59 109 67 185 192 181 171 79 29 169 165 100 123 184 140 11 170 35 32 31 177 129 183 86 111 130 149 23 105 18 63 132 156 186 89 21 154 199 47 43 3 84 99 143 65 71 82 45 144 14 152 16 135 189 138 150 103 7 58 164 175 98 133 93 151 139 2 104 50 141 200 117 145 191 1 37 158 172 4 74 39 34 178 118 38 174 107 136 51 108 101 53 167 66 25 122 106 197 80 24 102 77 176 68 75 97 56 17 62 60 92 190 112 148 153 115 128 78 5 41 72 9 73 87 159 55 54 27 124 46 22 157 69 193 173 155 10 40 48 76 96 166 116 120 162 131 125 182 83 8 194 114 95 33 52 6 142 88 42
Cmax = 11825

104
47 78 174 137 97 153 179 45 66 3 16 33 180 177 26 175 65 21 94 87 84 88 19 23 105 101 17 20 44 110 184 57 191 52 145 4 7 37 143 147 22 164 107 89 189 194 183 135 124 30 50 53 75 185 8 51 11 58 43 85 56 96 46 195 69 48 111 198 14 86 12 140 108 59 28 104 155 188 152 83 131 64 82 167 109 103 132 196 119 120 62 102 138 182 71 144 49 117 150 100 190 118 35 77 193 74 91 116 127 63 125 72 181 166 40 112 55 172 126 154 10 173 122 163 95 170 5 171 161 92 80 176 54 76 70 139 25 36 106 149 162 115 128 121 114 142 18 13 38 67 187 151 158 24 32 79 192 141 200 156 1 9 31 199 129 68 73 2 98 186 157 134 146 34 130 197 90 169 29 42 123 27 41 113 159 133 160 168 81 39 99 93 6 136 15 60 165 178 61 148
Cmax = 11804

105
107 158 193 162 83 128 176 185 171 110 11 103 156 56 3 8 86 173 163 40 150 144 96 13 180 134 94 165 190 87 118 151 91 75 19 35 99 98 105 196 85 76 192 43 67 5 104 141 42 55 28 195 154 97 125 27 72 21 7 23 24 113 25 29 45 18 175 59 17 63 65 169 48 160 122 20 92 157 31 126 22 47 111 123 69 100 74 145 109 93 80 130 77 14 36 142 4 90 6 38 15 182 135 62 197 131 60 73 148 82 188 26 152 159 119 183 32 179 57 172 147 143 12 51 146 121 9 178 187 140 129 34 198 133 95 37 78 161 155 167 89 164 137 88 33 41 124 184 149 170 79 174 139 10 64 189 46 50 168 84 136 30 108 54 120 68 177 199 116 186 16 102 101 1 112 127 61 166 53 132 194 2 39 44 153 114 106 52 115 58 200 66 117 70 71 138 49 191 181 81
Cmax = 11657

106
98 157 180 198 97 122 23 176 117 101 181 137 107 96 142 72 39 170 44 35 123 1 93 54 192 92 127 27 126 154 115 150 200 160 152 145 42 37 99 32 195 182 16 4 114 149 82 171 110 55 108 162 67 143 165 62 95 164 140 197 49 119 148 58 78 190 131 73 77 144 51 7 147 71 80 14 130 59 118 169 46 177 69 159 65 112 48 194 174 100 29 173 167 128 13 138 153 106 175 47 94 105 56 161 113 79 188 89 12 53 36 120 85 43 63 8 25 156 66 22 184 125 57 19 24 70 90 191 102 172 179 21 2 109 74 185 151 168 111 129 91 64 134 135 84 166 199 146 189 104 87 121 34 133 196 41 26 28 163 88 86 132 38 103 139 68 31 136 10 50 83 124 40 5 45 30 193 3 81 60 61 183 15 141 186 18 52 76 75 116 9 20 6 158 178 33 155 17 11 187
Cmax = 11689

107
168 109 137 116 29 190 65 143 103 23 10 186 200 70 9 138 89 193 59 131 99 98 12 102 86 106 147 149 32 105 153 163 119 18 51 167 30 171 69 159 188 111 77 80 101 123 50 67 11 62 110 35 150 140 47 75 136 38 20 148 151 76 82 184 48 4 56 37 94 183 196 179 15 169 108 95 157 100 146 162 198 52 128 68 156 114 8 6 144 145 180 129 135 57 152 36 139 107 96 87 90 33 78 1 31 191 154 27 85 14 61 132 7 42 194 53 79 185 60 115 117 160 84 177 24 81 54 141 21 44 113 5 88 195 176 127 133 166 172 46 45 39 40 161 58 118 126 55 130 16 83 25 63 73 125 158 49 72 66 175 173 17 41 93 19 174 64 71 164 74 13 122 3 124 165 104 142 112 178 91 181 26 34 2 92 170 189 182 22 187 43 197 121 134 28 199 192 97 155 120
Cmax = 11894

108
119 52 192 115 16 86 104 76 36 32 54 152 160 194 157 39 67 66 30 29 27 137 80 199 196 178 20 126 111 197 49 74 10 90 78 136 105 172 135 83 31 35 26 164 179 184 162 73 96 198 106 48 1 156 167 92 6 190 21 12 122 191 95 110 195 28 94 173 15 8 139 18 87 51 41 82 148 58 141 129 161 149 142 132 145 182 40 174 131 187 117 181 68 38 13 108 47 46 53 120 114 166 98 140 88 103 147 193 57 188 107 56 3 118 125 177 180 64 185 158 155 43 171 153 146 34 144 71 93 116 109 77 62 159 17 42 23 175 75 186 89 99 81 113 124 170 4 63 91 25 45 123 165 37 24 44 169 200 154 9 189 100 79 101 7 60 85 59 84 55 133 176 19 121 102 163 97 11 72 61 112 138 168 2 5 22 150 134 69 33 130 128 14 143 65 70 151 127 50 183
Cmax = 11870

109
113 153 10 190 166 100 103 160 199 61 109 163 106 17 32 197 176 57 130 186 5 192 83 4 154 6 91 67 72 27 144 39 64 134 124 175 21 80 123 90 42 200 140 7 35 181 37 29 112 19 87 14 75 105 167 177 161 38 12 48 60 77 65 45 127 85 104 15 79 62 94 196 188 118 70 182 59 102 97 98 150 120 194 34 82 84 26 47 53 114 9 28 52 33 189 178 46 31 41 170 156 158 143 149 133 88 74 13 157 30 193 179 191 119 93 86 69 155 49 159 23 139 55 195 168 18 172 116 81 68 73 95 185 43 125 76 136 22 108 147 137 126 162 174 99 44 56 128 169 171 198 36 96 121 164 145 141 184 63 24 187 20 152 111 148 183 25 92 2 131 115 142 107 40 135 122 51 132 54 117 101 58 16 138 89 110 146 78 11 71 50 173 129 3 66 151 1 165 8 180
Cmax = 11631

110
132 86 72 142 131 47 112 42 45 162 151 44 180 70 196 13 59 106 15 116 8 153 178 35 30 185 157 189 124 139 31 167 120 67 91 115 51 155 94 117 183 66 194 19 168 62 118 173 146 41 140 98 102 80 109 195 25 50 37 28 184 43 36 190 188 33 71 181 187 138 108 5 179 152 49 61 81 144 147 99 159 148 170 17 90 18 166 107 38 122 171 89 127 73 96 48 64 60 97 39 78 145 110 128 24 165 79 113 58 129 182 177 104 20 149 87 63 136 176 55 133 12 101 84 103 125 193 197 23 57 85 114 93 82 130 7 46 119 163 111 134 69 11 154 156 54 10 83 191 199 175 192 105 3 65 2 32 169 150 143 9 92 186 88 161 29 56 53 27 34 4 76 22 40 26 200 52 16 74 137 160 14 135 68 164 95 77 158 172 75 126 198 121 21 123 141 1 100 6 174
Cmax = 11800

111
128 183 485 315 491 145 288 112 379 106 16 295 242 88 407 398 204 116 282 256 431 273 159 58 331 347 261 9 156 437 24 198 49 298 228 83 388 189 328 378 412 408 324 53 191 39 307 20 268 162 455 392 305 447 29 227 323 218 369 341 359 28 302 91 94 101 411 382 327 267 14 473 452 423 489 26 232 245 192 453 401 208 481 451 124 449 151 263 264 344 135 76 217 257 216 251 215 22 21 17 140 399 413 125 222 387 338 52 308 444 316 213 332 342 287 289 474 280 365 219 461 161 86 1 406 99 434 57 354 31 249 377 244 197 480 166 186 285 56 246 144 214 421 48 230 362 131 358 303 236 499 13 361 187 433 224 122 337 169 98 18 210 87 175 310 479 100 182 2 92 229 497 375 50 410 193 174 77 238 374 178 43 154 237 60 115 274 460 336 487 418 330 212 209 432 62 339 442 117 373 335 494 139 243 74 394 351 201 165 283 465 25 326 259 146 73 127 279 69 319 132 225 457 78 240 8 492 383 93 325 334 7 47 133 129 493 5 472 355 311 176 320 301 299 488 150 404 250 46 164 386 68 157 483 352 32 484 364 429 258 107 445 443 221 278 95 153 297 172 415 11 141 286 199 486 247 475 254 37 402 384 120 3 426 59 409 41 395 248 435 420 195 416 104 63 304 111 500 180 38 275 51 478 329 371 446 428 397 123 89 110 454 168 495 419 313 466 200 206 367 414 439 296 97 143 270 353 477 179 190 253 357 396 441 6 294 436 81 211 96 381 82 370 207 173 202 65 496 177 470 333 277 220 203 309 36 64 290 148 4 80 265 363 368 35 102 137 27 138 10 170 372 149 272 152 360 184 235 171 113 271 70 262 75 498 226 105 350 390 312 167 422 84 23 188 424 456 241 121 252 126 348 376 66 90 118 44 281 464 438 15 30 160 356 196 467 476 147 403 234 343 269 67 71 425 130 346 471 405 292 260 490 284 385 12 114 255 134 85 380 163 231 314 155 40 276 318 450 34 440 459 458 233 19 482 393 79 322 181 72 136 239 109 142 321 266 291 448 462 54 317 389 400 463 469 427 42 205 158 345 349 45 61 391 103 119 340 108 430 468 293 306 194 185 33 366 223 55 417 300
Cmax = 26693

112
8 90 55 244 184 482 395 93 160 498 289 169 230 172 355 399 150 50 468 204 162 343 481 88 471 206 431 253 268 171 490 326 332 76 302 267 186 365 202 257 358 412 410 49 254 47 464 381 269 350 140 282 178 258 153 421 213 24 4 429 127 306 452 483 122 173 487 116 181 334 62 121 313 416 114 97 376 74 388 196 479 222 495 409 339 146 287 117 274 21 208 151 45 466 407 220 356 218 363 203 286 138 335 56 57 272 492 456 448 319 69 174 155 145 352 415 12 315 118 385 191 210 234 157 453 340 370 424 225 15 443 470 299 161 422 221 65 46 327 459 300 112 9 322 99 427 71 364 288 227 401 297 249 120 318 187 303 499 500 198 403 238 149 106 18 375 311 325 478 281 223 344 455 298 294 256 42 228 321 166 307 359 366 54 134 341 188 2 264 400 59 449 386 83 309 241 384 92 79 357 81 148 68 277 176 413 183 391 475 278 379 263 497 436 125 450 29 417 100 39 101 152 418 349 270 463 52 250 360 477 369 317 209 292 158 304 131 111 185 214 396 430 489 236 342 239 233 235 5 177 91 283 132 428 472 3 179 6 389 247 392 195 331 374 491 285 37 494 58 103 383 246 14 96 462 248 266 345 22 219 115 240 168 308 72 129 476 94 255 425 25 133 329 44 275 393 310 98 1 137 378 394 192 474 486 165 142 217 17 35 377 154 128 465 467 353 397 11 167 200 337 469 23 159 330 130 295 265 60 440 328 251 190 13 347 354 31 314 124 212 80 367 408 70 245 402 85 405 231 451 290 485 460 126 109 84 141 296 41 73 426 293 104 10 107 361 301 67 7 432 189 324 156 320 226 368 87 242 411 252 66 105 423 51 53 259 390 123 182 480 273 441 108 336 372 243 414 16 119 135 346 136 201 473 43 284 382 362 40 458 224 404 207 197 348 260 312 211 323 110 447 216 338 445 89 457 194 229 437 373 419 205 434 484 164 86 78 199 380 488 113 232 333 77 276 180 439 139 435 30 175 170 144 215 420 351 493 95 280 143 61 102 387 442 82 406 38 163 398 454 446 461 438 19 433 444 36 34 193 316 305 271 147 32 27 371 261 26 75 20 291 496 33 237 63 64 28 262 48 279
Cmax = 27197

113
329 162 443 492 44 136 38 99 163 71 424 52 431 238 2 46 337 9 365 479 91 49 375 490 55 310 361 31 66 164 497 277 284 170 425 10 473 257 87 292 303 345 244 16 494 245 233 281 138 364 11 192 185 111 253 207 235 315 344 393 395 389 388 466 5 63 293 198 467 308 232 269 434 197 90 435 275 124 312 89 167 410 340 457 222 237 50 176 122 189 22 433 3 299 333 279 396 254 72 229 19 126 35 385 86 230 407 339 474 37 498 285 483 184 309 372 353 313 187 456 75 327 289 460 268 354 204 34 455 211 173 42 392 95 156 56 152 429 409 305 487 121 449 45 331 212 325 495 69 13 70 182 177 191 134 147 496 358 318 82 246 54 464 352 144 100 374 421 252 83 220 181 288 102 135 446 294 107 404 215 39 108 430 154 132 367 14 61 160 287 363 314 369 236 398 400 290 149 477 139 188 470 79 462 234 194 302 174 256 390 342 47 249 146 282 371 20 4 450 330 148 110 399 214 118 264 335 179 471 376 161 129 114 251 444 328 53 278 320 240 403 25 417 489 40 92 453 17 319 67 338 307 499 105 436 221 413 280 401 33 283 485 113 227 476 223 109 334 438 1 78 62 265 125 250 412 172 463 119 241 336 386 51 8 468 216 416 322 202 18 382 203 7 262 58 306 423 349 500 171 24 484 218 347 311 493 158 226 137 267 209 359 458 406 117 368 270 418 68 304 98 419 151 437 381 276 224 397 273 23 29 193 73 420 168 180 196 213 297 439 243 348 346 36 15 258 379 411 394 178 356 414 432 326 208 231 370 247 301 391 195 94 190 271 286 76 116 272 447 317 316 384 486 141 48 157 324 239 142 30 427 65 200 26 378 415 96 341 291 128 27 219 422 405 155 242 452 408 465 248 491 442 206 60 104 115 217 159 377 145 298 183 274 59 97 175 355 88 321 428 351 380 448 85 261 228 64 205 366 426 166 461 103 120 21 80 480 362 131 357 451 12 469 130 402 57 478 210 84 387 263 472 295 441 43 440 123 165 199 373 150 259 459 112 32 93 260 332 296 350 140 482 300 488 28 481 343 383 74 153 323 106 6 143 445 360 41 201 225 133 266 127 454 186 81 77 255 169 101 475
Cmax = 26875

114
1 165 133 117 442 203 358 289 276 270 437 32 11 120 163 480 293 359 335 392 479 174 148 4 402 312 500 122 246 344 147 19 414 185 266 471 381 273 190 294 491 292 157 114 40 182 154 98 419 73 325 34 231 220 158 191 224 223 35 44 331 67 300 367 302 78 372 128 102 447 423 244 412 446 39 363 110 15 295 90 282 3 439 279 351 49 95 82 278 376 162 254 459 216 404 48 87 213 297 145 17 375 484 180 399 183 398 109 71 200 334 144 253 396 321 261 193 161 219 143 324 330 241 349 264 496 9 353 457 214 235 20 408 315 171 179 93 197 271 150 250 252 137 83 482 368 424 99 258 309 199 75 212 140 152 316 238 431 94 60 38 61 227 481 436 97 54 378 234 305 188 64 72 409 453 198 77 31 118 178 169 131 296 229 450 21 362 455 488 167 124 230 116 177 288 391 468 332 196 267 285 119 272 354 8 357 28 342 430 86 415 355 256 33 12 257 369 88 222 463 308 304 322 176 2 149 245 280 320 465 155 184 499 10 81 201 112 202 425 352 472 249 275 115 237 333 132 417 418 65 346 47 57 470 208 92 338 127 413 24 23 232 492 251 30 395 432 192 211 364 68 6 43 226 63 91 340 486 62 303 247 310 153 494 80 326 45 66 387 490 360 366 105 181 113 242 129 172 394 210 52 469 69 281 287 221 111 462 37 136 218 96 55 348 314 477 318 478 365 36 405 146 236 56 337 125 13 123 466 104 306 209 100 389 70 485 248 393 350 107 18 269 284 130 347 108 205 441 317 204 497 135 290 336 411 195 141 89 189 233 50 323 151 298 440 263 217 313 215 374 435 380 444 134 187 156 166 84 106 329 421 58 483 386 142 461 319 383 59 448 489 25 401 16 475 160 438 390 79 406 422 467 121 307 206 240 175 397 255 385 356 301 173 22 407 416 225 498 377 76 311 14 207 474 283 7 228 382 194 168 41 454 449 487 445 384 268 164 53 464 451 410 443 138 259 85 126 493 328 74 370 400 433 341 452 434 101 239 274 186 456 403 458 476 339 420 29 260 42 265 139 379 299 429 495 388 27 159 170 243 277 327 286 343 427 460 46 51 426 473 428 26 371 373 103 361 5 291 262 345
Cmax = 27125

115
114 496 334 137 81 84 399 226 433 1 281 283 271 100 468 102 269 139 17 65 429 326 412 148 289 246 448 95 333 390 340 4 254 105 482 355 420 450 500 265 379 440 402 280 348 475 361 39 369 31 18 66 145 118 424 483 305 244 172 153 317 59 107 299 297 196 120 322 285 36 476 3 270 329 183 295 395 89 298 140 327 151 46 331 474 263 328 159 64 255 68 287 330 176 121 42 197 311 237 61 41 205 253 274 357 382 359 443 168 248 314 217 465 163 138 85 208 173 87 98 258 170 371 278 366 32 104 467 117 438 174 364 165 130 171 136 124 57 56 144 413 54 219 439 90 180 67 431 229 447 44 293 251 459 80 491 266 392 363 62 155 354 300 199 372 444 194 75 74 386 484 142 341 221 122 456 106 445 352 8 367 22 55 358 238 5 88 262 400 115 127 405 7 404 414 210 441 231 21 38 401 411 232 466 141 492 134 384 156 479 161 112 103 264 257 177 324 416 25 128 387 78 435 388 336 189 86 346 12 463 342 19 20 225 477 309 261 110 380 286 315 222 164 437 116 24 310 109 377 430 220 186 457 267 319 129 27 470 488 455 337 26 318 356 166 454 236 9 426 77 216 410 350 206 93 211 323 135 446 234 191 35 47 394 321 193 495 335 365 494 154 2 160 385 442 241 178 345 250 73 307 239 49 125 296 245 209 53 301 101 82 91 360 378 419 332 453 304 368 462 276 158 11 338 471 200 339 422 353 436 187 96 425 63 143 478 312 396 132 461 275 60 374 272 256 131 50 418 167 37 423 308 33 391 192 13 493 30 40 201 147 79 428 202 381 126 185 362 70 284 499 123 162 480 190 212 434 175 383 72 150 421 58 198 152 469 403 260 119 306 10 71 51 485 351 472 6 316 415 292 408 111 303 417 290 320 188 214 83 325 247 204 460 343 277 240 458 14 28 288 487 149 370 398 432 490 242 181 227 92 259 347 349 157 452 203 133 76 233 481 302 184 273 97 375 235 389 252 407 427 16 268 291 313 34 294 195 179 464 224 113 94 473 43 279 489 218 486 69 409 223 344 406 52 45 243 48 228 215 393 182 449 207 451 169 23 497 397 15 230 249 376 373 29 498 99 108 213 282 146
Cmax = 26837

116
369 80 154 285 495 335 156 312 451 400 12 26 259 24 13 489 230 348 37 405 176 456 33 459 320 296 470 137 294 332 402 225 287 23 92 388 43 30 258 63 500 149 283 9 118 424 40 61 377 119 213 467 197 31 20 140 216 368 468 443 38 53 492 366 183 241 245 134 44 264 318 356 465 46 428 100 141 263 313 404 160 485 389 315 321 367 319 231 490 163 7 110 445 478 235 401 284 419 78 177 161 117 337 171 101 72 220 261 27 18 138 3 359 238 217 191 434 472 133 194 116 386 19 196 278 168 229 132 251 47 240 360 342 208 227 104 234 298 112 355 62 155 52 103 108 127 95 291 222 446 139 148 473 60 107 105 164 122 269 199 408 288 28 1 51 431 64 407 370 310 14 83 439 59 185 180 358 353 205 36 276 99 77 396 207 98 341 354 385 45 65 477 247 324 159 25 426 202 186 432 242 260 86 414 66 211 75 67 42 29 498 79 306 331 96 152 391 178 10 102 212 383 268 237 352 447 425 146 2 450 39 295 74 252 475 494 121 412 307 274 271 497 387 330 239 113 198 338 334 244 487 157 142 181 449 88 22 299 32 421 69 361 6 420 49 442 308 305 57 345 376 397 129 114 279 228 373 292 136 411 309 290 250 462 248 109 4 415 253 201 257 364 91 466 277 93 236 410 418 124 395 326 56 481 195 193 374 190 454 302 344 297 126 90 280 453 379 184 422 382 384 314 301 327 200 372 435 444 210 256 81 452 170 317 390 430 15 48 493 267 486 461 272 226 488 499 350 476 441 328 115 480 34 165 289 275 189 303 265 166 255 204 120 394 150 187 281 111 300 87 293 84 325 392 167 322 436 151 144 73 179 416 215 311 496 323 243 68 423 363 219 50 266 174 427 349 82 406 460 173 206 378 403 192 106 249 128 409 221 270 474 97 417 479 147 339 483 246 232 162 343 16 329 76 11 54 17 316 35 21 398 233 371 130 214 89 365 381 375 380 55 455 224 304 223 333 125 336 393 491 8 351 399 143 94 145 357 70 71 362 458 131 433 340 429 262 175 469 286 437 347 413 58 41 135 153 85 218 471 169 273 440 158 482 457 464 172 463 484 448 346 203 282 438 209 188 5 182 254 123
Cmax = 27010

117
464 106 490 142 252 416 461 312 324 305 70 161 352 273 119 187 407 237 438 85 17 260 138 141 356 25 212 68 420 266 22 241 192 231 483 19 477 219 401 222 209 445 313 89 349 440 254 421 11 120 243 446 263 48 173 276 384 116 369 486 136 337 481 434 473 57 91 344 177 298 151 115 27 290 306 493 107 144 379 132 242 157 251 54 239 23 323 320 92 20 172 497 97 346 499 104 496 426 118 44 5 412 475 351 7 47 378 381 145 405 256 325 76 146 418 382 334 133 149 318 236 330 64 316 184 201 350 78 317 393 3 191 180 197 249 397 417 390 447 109 277 63 299 269 62 135 441 168 105 419 470 283 83 14 40 178 37 179 471 281 291 148 385 208 215 240 485 372 137 500 117 214 1 414 398 229 30 113 452 309 272 159 280 463 86 285 293 87 314 367 311 160 328 457 489 484 102 491 400 140 206 478 409 50 65 286 72 428 125 217 362 488 143 341 211 128 275 271 360 12 424 94 474 327 480 442 100 392 333 365 95 415 216 288 361 303 294 295 31 221 451 220 74 340 406 139 131 188 134 498 388 342 250 163 246 389 67 329 186 108 59 41 439 164 460 395 198 169 9 181 224 124 366 51 413 126 199 265 10 110 196 46 127 321 152 2 155 268 32 399 262 204 129 255 101 258 449 435 373 183 99 189 207 81 55 487 235 158 304 468 167 29 296 39 443 43 359 66 347 218 453 472 319 383 343 386 114 123 147 28 247 408 374 391 185 455 467 482 15 166 494 302 338 154 58 238 354 336 429 274 130 307 24 411 402 77 35 432 61 38 56 73 264 371 53 82 466 370 156 253 174 34 4 425 245 492 175 230 90 437 315 228 368 193 36 202 75 287 203 433 282 42 423 71 310 227 233 358 190 448 150 462 335 355 170 79 111 387 165 459 18 103 213 267 444 364 308 357 244 300 33 80 430 322 404 331 396 93 52 403 194 200 394 450 279 248 458 21 284 348 377 297 153 380 465 176 225 454 171 112 289 410 476 332 326 301 226 278 162 292 353 339 182 436 16 98 431 232 422 259 270 96 376 495 469 8 257 26 261 121 60 375 49 45 13 6 427 479 122 345 205 88 223 234 195 456 69 210 84 363
Cmax = 26806

118
6 453 37 35 322 372 355 447 304 230 38 397 170 478 416 174 240 201 145 306 177 281 363 257 494 448 311 159 429 241 426 198 401 52 205 421 292 283 70 420 438 485 493 220 437 221 403 273 464 264 33 359 14 345 203 336 83 26 42 474 62 282 54 431 41 172 288 377 107 46 149 227 71 23 45 451 56 277 330 460 302 188 204 461 291 337 491 212 424 153 338 261 442 132 343 352 152 376 384 358 382 411 195 432 344 275 391 335 496 256 463 323 210 17 439 58 94 332 114 88 296 28 113 93 243 328 441 103 367 389 301 160 404 258 471 300 199 173 66 435 341 479 163 369 393 133 319 49 95 24 308 207 59 193 61 87 147 100 458 314 276 47 259 237 500 137 417 287 90 278 40 161 469 7 78 209 260 196 492 484 347 51 415 9 184 436 342 266 378 446 265 467 371 482 299 48 452 472 495 407 373 168 360 488 77 392 406 457 86 396 124 481 274 361 498 480 329 167 490 307 180 231 477 191 68 208 434 395 476 381 279 413 317 310 34 354 119 111 386 99 216 125 18 181 370 162 473 101 202 44 414 190 30 3 410 115 110 348 340 388 108 499 375 408 245 298 325 144 269 462 25 383 141 1 244 239 422 305 443 468 487 31 72 294 297 60 117 235 213 315 211 50 234 171 74 19 140 176 368 497 289 249 36 123 154 398 182 362 280 405 267 157 158 271 412 394 455 104 21 12 22 139 427 82 357 284 85 251 91 179 63 238 295 112 142 98 331 175 309 224 433 75 143 444 440 80 327 81 326 79 232 43 57 187 39 15 96 223 226 126 333 379 155 353 320 449 349 399 293 120 483 334 151 262 20 430 2 387 128 222 248 217 425 32 450 214 10 165 13 64 250 197 255 268 428 236 97 183 5 459 138 166 454 246 150 445 169 73 136 122 290 390 364 92 156 67 346 131 486 318 69 466 146 254 247 402 118 229 303 148 109 456 164 29 200 215 89 272 8 65 312 285 418 134 263 252 189 53 475 321 106 135 192 366 228 178 400 219 105 129 130 225 84 116 339 16 218 121 186 253 423 316 233 102 194 76 206 270 4 242 11 351 27 409 470 185 127 380 465 350 374 313 489 365 385 419 55 286 356 324
Cmax = 27144

119
232 355 224 260 424 431 483 330 287 104 297 445 374 344 166 250 371 405 444 110 40 178 220 36 350 285 399 38 199 378 118 500 267 86 305 356 119 177 383 39 322 56 411 83 343 316 144 364 8 1 351 249 45 275 31 258 453 428 323 281 7 76 237 208 64 327 214 230 392 105 420 162 156 67 493 301 163 65 182 51 410 326 9 198 279 454 91 312 340 336 187 257 98 345 357 217 308 406 140 200 309 380 465 498 335 373 307 227 154 278 61 97 342 149 353 461 243 191 194 458 28 482 443 186 188 183 193 29 464 159 239 157 367 21 280 248 48 180 489 417 269 228 497 70 195 272 452 216 219 136 92 347 394 13 332 255 499 11 184 263 33 286 128 436 173 369 213 12 111 418 270 477 456 16 348 314 75 303 262 68 240 130 27 414 25 62 358 284 416 242 412 479 192 2 298 496 153 294 329 441 66 122 450 106 88 69 401 10 299 313 317 189 138 396 254 271 50 487 211 389 390 234 470 434 116 152 425 481 238 145 423 472 331 463 52 457 35 372 176 212 99 455 24 476 95 273 247 328 147 315 127 266 488 117 404 169 102 124 310 246 26 381 338 437 46 135 387 325 306 422 376 42 293 252 265 196 421 4 107 80 158 419 165 233 268 359 448 349 432 459 393 235 81 100 491 292 264 291 365 174 433 304 114 494 398 14 288 339 171 148 146 190 142 221 73 289 295 218 41 495 484 438 101 34 168 400 22 108 59 55 151 354 82 244 451 222 129 334 319 447 466 131 143 58 274 5 337 206 486 60 112 6 480 439 471 155 259 442 324 78 435 84 54 296 430 137 385 311 185 207 341 49 87 123 490 446 290 132 141 382 302 429 202 236 85 468 469 209 79 204 103 318 245 386 375 133 478 17 251 223 19 363 403 94 413 253 384 167 179 57 362 283 282 71 126 226 388 462 474 427 261 170 74 115 44 241 231 407 377 352 485 96 300 426 47 37 320 121 360 89 210 361 90 215 63 333 175 321 161 229 475 77 30 473 139 277 15 164 256 415 492 20 449 395 370 467 397 18 197 391 408 402 366 409 379 93 276 172 225 150 3 160 32 113 440 203 120 23 125 53 205 43 201 109 368 134 460 72 181 346

120
27054

Czas NEH_2: 788.354s
Cmax = 26653